2	otsu	10l.bmp	220.8503937	123.5984252	7.873169246	0.281184616	213	123	28		
2	otsu	10r.bmp	174.5555556	155.6900585	8.103571042	0.207783873	172	148	39		
2	otsu	11l.bmp	165.6956522	111.8043478	14.25545032	0.647975015	167	126	22		
2	otsu	11r.bmp	170.6153846	118.3076923	13.13584013	0.597083642	174	131	22		
2	otsu	12l.bmp	149.7804878	116.9268293	5.077917573	0.181354199	150	122	28		
2	otsu	12r.bmp	157.2758621	133.5172414	9.709514561	0.422152807	162	142	23		
2	otsu	13l.bmp	146.4183673	149.9285714	17.96074321	0.855273486	152	167	21		
2	otsu	13r.bmp	215.875	116.6458333	11.71250296	0.488020957	213	128	24		
2	otsu	14l.bmp	173.5952381	101.8333333	14.89330916	0.676968598	169	116	22		
2	otsu	14r.bmp	144.6022727	104.6363636	12.37003198	0.589049142	145	117	21		
2	otsu	15l.bmp	136.5138889	126.7222222	10.38867535	0.577148631	135	137	18		
2	otsu	15r.bmp	172.3626374	100.8131868	8.054855103	0.366129777	176	108	22		
2	otsu	1l.bmp	153.6103896	116.8051948	3.989613772	0.181346081	156	120	22		
2	otsu	1r.bmp	185.7560976	127.195122	2.904999895	0.13204545	185	130	22		
2	otsu	2l.bmp	149.728972	109.9906542	16.24027219	0.649610888	147	126	25		
2	otsu	2r.bmp	160.7943925	97.01869159	11.20061778	0.400022064	163	108	28		
2	otsu	3l.bmp	192.0373832	87.40186916	13.97007145	0.517410054	186	100	27		
2	otsu	3r.bmp	172.5	125.1315789	6.057092178	0.232965084	171	131	26		
2	otsu	5l.bmp	161.4366197	118.9577465	1.184774132	0.045568236	162	120	26		
2	otsu	6l.bmp	157.6017699	103.8938053	10.43572603	0.417429041	155	114	25		
2	otsu	6r.bmp	163.3418803	114.042735	13.189574	0.454812897	156	125	29		
2	otsu	7l.bmp	173.3793103	87.03448276	13.39867067	0.558277945	170	100	24		
2	otsu	7r.bmp	154.7542373	106.4491525	16.25509886	0.580539245	162	121	28		
2	otsu	8l.bmp	174.1666667	103.2820513	11.77588355	0.560756359	173	115	21		
2	otsu	8r.bmp	154.0392157	114.7941176	9.588841755	0.456611512	159	123	21		
2	otsu	9l.bmp	143.5877193	168.5789474	11.53088443	0.427069794	139	158	27		
2	otsu	9r.bmp	154.6434109	106.1937985	3.25200959	0.1204448	153	109	27	10.31517448	0.430556822
2	peak	10l.bmp	215.6144578	126.1927711	4.126642333	0.147380083	213	123	28	10.17641422	0.425601098
2	peak	10r.bmp	171.826087	148.3043478	0.350532945	0.008988024	172	148	39	9.889264663	0.418238289
2	peak	11l.bmp	172.0232558	112.0465116	14.8301361	0.674097095	167	126	22	9.910549322	0.419205774
2	peak	11r.bmp	172.0990099	119.2772277	11.87590642	0.539813928	174	131	22	9.86388511	0.417084673
2	peak	12l.bmp	151.3243243	120.0810811	2.331541278	0.083269331	150	122	28	9.76216747	0.4134519
2	peak	12r.bmp	164.0921053	141.9868421	2.09214664	0.090962897	162	142	23	9.480042732	0.401185607
2	peak	13l.bmp	145.75	157.3875	11.46571656	0.545986503	152	167	21	9.239486189	0.389730534
2	peak	13r.bmp	217.4719101	117.5280899	11.38678539	0.474449391	213	128	24	9.227422575	0.389227883
2	peak	14l.bmp	170.043956	107.0659341	8.99485288	0.408856949	169	116	22	9.008961232	0.379297822
2	peak	14r.bmp	143.921875	116.390625	1.238422951	0.058972521	145	117	21	8.596679416	0.359665355
2	peak	15l.bmp	136.8958333	137.7291667	2.03122329	0.112845738	135	137	18	8.287144154	0.342468951
2	peak	15r.bmp	171.5522388	102.2835821	7.242928507	0.329224023	176	108	22	8.257072799	0.341102072
2	peak	1l.bmp	156.1851852	119.8888889	0.215961181	0.009816417	156	120	22	8.117307888	0.334749121
2	peak	1r.bmp	185.6363636	126.4242424	3.631941756	0.165088262	185	130	22	8.144231661	0.335972929
2	peak	2l.bmp	149.3382353	125.75	2.351562096	0.094062484	147	126	25	7.629834991	0.315397062
2	peak	2r.bmp	159.3928571	97.32142857	11.27135162	0.402548272	163	108	28	7.632454762	0.315490625
2	peak	3l.bmp	186.7761194	96.46268657	3.621456565	0.134128021	186	100	27	7.24917273	0.301294995
2	peak	3r.bmp	171.8285714	131.9428571	1.255193294	0.048276665	171	131	26	7.071324623	0.294454683
2	peak	5l.bmp	162.1612903	119.1290323	0.885776143	0.034068313	162	120	26	7.060250623	0.29402876
2	peak	6l.bmp	155.4492754	111.1884058	2.847263654	0.113890546	155	114	25	6.779196461	0.282786593
2	peak	6r.bmp	161.8090909	113.2909091	13.07089695	0.450720585	156	125	29	6.774801015	0.282635026
2	peak	7l.bmp	166.8793103	100.7413793	3.207545355	0.133647723	170	100	24	6.397351929	0.266907981
2	peak	7r.bmp	157.5350877	105.2017544	16.41706448	0.586323731	162	121	28	6.403350656	0.267122221
2	peak	8l.bmp	175.6153846	117.9230769	3.922322702	0.186777272	173	115	21	6.112478032	0.253271144
2	peak	8r.bmp	165.2025316	117.1012658	8.559583151	0.407599198	159	123	21	6.074357343	0.251455873
2	peak	9l.bmp	140.1515152	156.9393939	1.565526225	0.057982453	139	158	27	5.705270002	0.237785971
2	peak	9r.bmp	154.68	107.64	2.161480974	0.080054851	153	109	27	5.664880053	0.236290047
3	otsu	10l.bmp	219.3358779	123.7862595	6.384477454	0.228017052	213	123	28	5.748503576	0.239276602
3	otsu	10r.bmp	176.0816327	157.292517	10.14941365	0.260241376	172	148	39	6.111425084	0.248582281
3	otsu	11l.bmp	166.8804348	111.9021739	14.0983331	0.640833323	167	126	22	6.084321269	0.24735029
3	otsu	11r.bmp	170.4	118.1619048	13.33329252	0.606058751	174	131	22	6.138298532	0.249803802
3	otsu	12l.bmp	152.6153846	118.3076923	4.524751129	0.161598255	150	122	28	6.219528526	0.252704873
3	otsu	12r.bmp	123	111	49.81967483	2.166072819	162	142	23	7.987214756	0.329560796
3	otsu	13l.bmp	146.4415584	159.9480519	8.979211763	0.427581513	152	167	21	7.895121985	0.325175426
3	otsu	13r.bmp	215.4622642	114.5754717	13.64846896	0.568686207	213	128	24	7.978888044	0.328665678
3	otsu	14l.bmp	173.3908046	101	15.62943265	0.710428757	169	116	22	8.22461322	0.339835005
3	otsu	14r.bmp	147.2823529	106.7647059	10.48667634	0.49936554	145	117	21	8.567141123	0.356145857
3	otsu	15l.bmp	135.8787879	128.5757576	8.46995446	0.470553026	135	137	18	8.805612648	0.369394275
3	otsu	15r.bmp	174.3376623	103.5974026	4.705978155	0.213908098	176	108	22	8.711651524	0.365123315
3	otsu	1l.bmp	153.6363636	116.8311688	3.953260406	0.179693655	156	120	22	8.850070014	0.371415065
3	otsu	1r.bmp	188.3076923	128.3589744	3.692396723	0.167836215	185	130	22	8.852309087	0.371516841
3	otsu	2l.bmp	148.6545455	110.1545455	15.93160225	0.63726409	147	126	25	9.355273537	0.391635419
3	otsu	2r.bmp	162.6324786	97.24786325	10.75841609	0.384229146	163	108	28	9.336275925	0.390956932
3	otsu	3l.bmp	192.8349515	89.89320388	12.20097902	0.451888112	186	100	27	9.654036016	0.402725825
3	otsu	3r.bmp	171.3733333	128.5066667	2.521128495	0.096966481	171	131	26	9.700922505	0.404529151
3	otsu	5l.bmp	164.4507042	122.028169	3.1811037	0.122350142	162	120	26	9.785934636	0.407798849
3	otsu	6l.bmp	163.3913043	108.5478261	10.007007	0.40028028	155	114	25	10.05111032	0.418405876
3	otsu	6r.bmp	161.7045455	114.8560606	11.63792702	0.401307828	156	125	29	9.998037355	0.416575774
3	otsu	7l.bmp	172.4955752	90.87610619	9.45903451	0.394126438	170	100	24	10.22957399	0.426223134
3	otsu	7r.bmp	159.5447154	109.0813008	12.16896925	0.434606045	162	121	28	10.07223713	0.42060396
3	otsu	8l.bmp	173.0625	104.45	10.55018513	0.502389768	173	115	21	10.31771352	0.432293312
3	otsu	8r.bmp	156.2173913	118.5543478	5.244686302	0.249746967	159	123	21	10.19493956	0.426446933
3	otsu	9l.bmp	157.7307692	200.2692308	46.23342498	1.712349073	139	158	27	11.84930618	0.487719771
3	otsu	9r.bmp	147.8292683	103.702439	7.402743997	0.274175704	153	109	27	12.04342703	0.494909432
3	peak	10l.bmp	215.5833333	126.4880952	4.340555206	0.155019829	213	123	28	11.96772621	0.492205831
3	peak	10r.bmp	174.2790698	150.1395349	3.125982809	0.080153405	172	148	39	11.70759914	0.485535906
3	peak	11l.bmp	164.6774194	119.0967742	7.283468087	0.331066731	167	126	22	11.45519673	0.474063069
3	peak	11r.bmp	169.9292035	118.8318584	12.8310192	0.583228145	174	131	22	11.43659402	0.473217491
3	peak	12l.bmp	154.4	121.6285714	4.41564935	0.157701763	150	122	28	11.43255321	0.473073177
3	peak	12r.bmp	162.8414634	141.3292683	1.076076996	0.046785956	162	142	23	9.627234772	0.394581071
3	peak	13l.bmp	149.25	161.3815789	6.255330137	0.297872864	152	167	21	9.526350267	0.389777047
3	peak	13r.bmp	212.6779661	128.7457627	0.812322506	0.033846771	213	128	24	9.050937436	0.369968179
3	peak	14l.bmp	169.0140845	115.3802817	0.619878341	0.028176288	169	116	22	8.495028017	0.344699569
3	peak	14r.bmp	146.95	117.8833333	2.140742343	0.101940112	145	117	21	8.18591935	0.329980109
3	peak	15l.bmp	135.4375	138.2916667	1.363748154	0.075763786	135	137	18	7.922726524	0.315358285
3	peak	15r.bmp	173.9701493	105.9253731	2.902476647	0.131930757	176	108	22	7.855930172	0.312322087
3	peak	1l.bmp	156.1851852	119.8888889	0.215961181	0.009816417	156	120	22	7.717511682	0.306030338
3	peak	1r.bmp	188.6129032	127.7741935	4.243499038	0.19288632	185	130	22	7.737922879	0.306958119
3	peak	2l.bmp	149.3382353	125.75	2.351562096	0.094062484	147	126	25	7.234958429	0.286839541
3	peak	2r.bmp	159.2241379	96.93103448	11.69526109	0.417687896	163	108	28	7.269656392	0.288078754
3	peak	3l.bmp	189.7014925	99.41791045	3.746982152	0.138777117	186	100	27	6.956545397	0.276482051
3	peak	3r.bmp	171.8108108	133.2702703	2.410713851	0.092719763	171	131	26	6.952455965	0.276324765
3	peak	5l.bmp	165.4516129	122.4193548	4.215081194	0.162118507	162	120	26	6.990751428	0.277797667
3	peak	6l.bmp	158.4264706	114.75	3.507591865	0.140303675	155	114	25	6.750032349	0.268168904
3	peak	6r.bmp	162.255814	113.4573643	13.12888595	0.452720205	156	125	29	6.80525305	0.270073066
3	peak	7l.bmp	170.2833333	103.1833333	3.195917534	0.133163231	170	100	24	6.573285755	0.260407762
3	peak	7r.bmp	159.2125984	106.7244094	14.54517422	0.519470508	162	121	28	6.661293346	0.26355089
3	peak	8l.bmp	175.5769231	117.9230769	3.896782165	0.185561055	173	115	21	6.414871014	0.251816494
3	peak	8r.bmp	161.2903226	123.4193548	2.328397734	0.110876083	159	123	21	6.306860327	0.246673128
3	peak	9l.bmp	142.5588235	159.4705882	3.850695349	0.142618346	139	158	27	4.737129599	0.188534953
3	peak	9r.bmp	155.859375	110.734375	3.344261059	0.123861521	153	109	27	4.586815417	0.182967761
4	otsu	10l.bmp	216.964539	120.212766	4.846260739	0.173080741	213	123	28	4.605545251	0.183636683
4	otsu	10r.bmp	176.9496403	155.7122302	9.163920225	0.234972313	172	148	39	4.829172563	0.189370717
4	otsu	11l.bmp	167.3762376	110.8811881	15.12349257	0.68743148	167	126	22	5.11954384	0.202569411
4	otsu	11r.bmp	144.84375	102.6875	40.64092236	1.847314653	174	131	22	6.149540253	0.24938743
4	otsu	12l.bmp	150.3703704	119.3333333	2.692263977	0.096152285	150	122	28	6.085711165	0.24710782
4	otsu	12r.bmp	123	111	49.81967483	2.166072819	162	142	23	7.891029604	0.325599926
4	otsu	13l.bmp	141.989011	156.8021978	14.29038385	0.680494469	152	167	21	8.188624186	0.339771096
4	otsu	13r.bmp	211.6	127.6	1.456021978	0.060667582	213	128	24	8.212464907	0.34076446
4	otsu	14l.bmp	172.7951807	101.5421687	14.94765143	0.679438701	169	116	22	8.74312317	0.36488529
4	otsu	14r.bmp	146.2474227	106.1340206	10.93734754	0.520826073	145	117	21	9.068923362	0.380399585
4	otsu	15l.bmp	135.875	123.925	13.1042455	0.728013639	135	137	18	9.503756597	0.404556987
4	otsu	15r.bmp	173.7590361	102.5421687	5.899986591	0.268181209	176	108	22	9.614775484	0.4096033
4	otsu	1l.bmp	153.6363636	116.8311688	3.953260406	0.179693655	156	120	22	9.753193974	0.415895049
4	otsu	1r.bmp	186.6049383	129.4320988	1.702450783	0.077384127	185	130	22	9.659081075	0.41161719
4	otsu	2l.bmp	148.3714286	110.6666667	15.39454213	0.615781685	147	126	25	10.14215441	0.430940124
4	otsu	2r.bmp	163.2521739	97.33913043	10.66385163	0.380851844	163	108	28	10.10395406	0.429575825
4	otsu	3l.bmp	187.402439	96.74390244	3.545279473	0.131306647	186	100	27	10.09648359	0.429299141
4	otsu	3r.bmp	171.1232877	128.630137	2.373067752	0.091271837	171	131	26	10.09508929	0.429245514
4	otsu	5l.bmp	162.3333333	121.75	1.781463194	0.068517815	162	120	26	10.00495529	0.425778822
4	otsu	6l.bmp	160.9416667	107.4916667	8.812593577	0.352503743	155	114	25	10.20143683	0.433638084
4	otsu	6r.bmp	162.6764706	114.4558824	12.48013127	0.430349354	156	125	29	10.17740888	0.432809534
4	otsu	7l.bmp	170.4122807	89.92105263	10.08737604	0.420307335	170	100	24	10.43264809	0.443444501
4	otsu	7r.bmp	155.4511278	105.3082707	17.00347306	0.607266895	162	121	28	10.52369619	0.446696219
4	otsu	8l.bmp	170.3902439	101.4390244	13.80981124	0.657610059	173	115	21	10.89084542	0.464179515
4	otsu	8r.bmp	153.7157895	117.9052632	7.340246888	0.349535566	159	123	21	11.07646946	0.473018755
4	otsu	9l.bmp	157.9615385	200.2307692	46.29230833	1.714529938	139	158	27	12.64838105	0.531237703
4	otsu	9r.bmp	148.4733333	111.6333333	5.236903241	0.193959379	153	109	27	12.71847891	0.53383392
4	peak	10l.bmp	212.8214286	123.6309524	0.655735207	0.023419115	213	123	28	12.56327426	0.528290897
4	peak	10r.bmp	174.1333333	151.6222222	4.203760809	0.107788739	172	148	39	12.37956465	0.523580394
4	peak	11l.bmp	164.6774194	119.0967742	7.283468087	0.331066731	167	126	22	12.08919338	0.5103817
4	peak	11r.bmp	144.4210526	101.2631579	41.94274557	1.906488435	174	131	22	12.13740905	0.512573321
4	peak	12l.bmp	151.890411	122.5890411	1.980056314	0.070716297	150	122	28	12.11103099	0.511631248
4	peak	12r.bmp	162.8414634	141.3292683	1.076076996	0.046785956	162	142	23	10.30571255	0.433139142
4	peak	13l.bmp	152.2419355	167.5322581	0.584663515	0.02784112	152	167	21	9.798093279	0.408966795
4	peak	13r.bmp	210.7903226	127.0806452	2.39330057	0.099720857	213	128	24	9.832807301	0.410413213
4	peak	14l.bmp	168.8823529	116.3823529	0.40004325	0.018183784	169	116	22	9.294006998	0.38592229
4	peak	14r.bmp	144.578125	119.140625	2.181800611	0.103895267	145	117	21	8.969727482	0.370480408
4	peak	15l.bmp	134.74	136.18	0.860232527	0.047790696	135	137	18	8.516245521	0.345286966
4	peak	15r.bmp	171.6712329	104.5616438	5.528156828	0.251279856	176	108	22	8.502474048	0.34466099
4	peak	1l.bmp	156.1851852	119.8888889	0.215961181	0.009816417	156	120	22	8.364055558	0.338369241
4	peak	1r.bmp	186.2424242	129.2727273	1.439633153	0.065437871	185	130	22	8.354321572	0.337926787
4	peak	2l.bmp	147.0441176	125.7205882	0.282873295	0.011314932	147	126	25	7.794630133	0.315539129
4	peak	2r.bmp	159.6181818	97.4	11.12639628	0.397371296	163	108	28	7.811761417	0.316150961
4	peak	3l.bmp	188.046875	98.578125	2.492273216	0.092306415	186	100	27	7.772761185	0.314706508
4	peak	3r.bmp	171.1282051	133.025641	2.029694095	0.078065158	171	131	26	7.760043642	0.314217371
4	peak	5l.bmp	163.0625	121.59375	1.915449115	0.07367112	162	120	26	7.765006084	0.314408234
4	peak	6l.bmp	156.7794118	114.6029412	1.878787985	0.075151519	155	114	25	7.508198469	0.30413593
4	peak	6r.bmp	160.3307692	113.7384615	12.06556301	0.416053897	156	125	29	7.492844089	0.303606468
4	peak	7l.bmp	167.7166667	103.0833333	3.836737618	0.159864067	170	100	24	7.261338962	0.293960422
4	peak	7r.bmp	157.1642857	103.0142857	18.62444767	0.665158845	162	121	28	7.321375059	0.296104568
4	peak	8l.bmp	172.7017544	116.2105263	1.246725474	0.05936788	173	115	21	6.856075586	0.27394745
4	peak	8r.bmp	158.9491525	124.2711864	1.272202984	0.060581094	159	123	21	6.63133322	0.263245433
4	peak	9l.bmp	140.7575758	159.8484848	2.550680062	0.094469632	139	158	27	5.011272913	0.203243199
4	peak	9r.bmp	156.0806452	110.1451613	3.286604477	0.121726092	153	109	27	4.939039626	0.200567892
5	otsu	10l.bmp	219.1565217	122.3043478	6.195699466	0.221274981	213	123	28	5.144223487	0.207895887
5	otsu	10r.bmp	173.1904762	153.0892857	5.226668407	0.134017139	172	148	39	5.182108954	0.208867309
5	otsu	11l.bmp	165.4414414	109.8558559	16.21920143	0.737236428	167	126	22	5.51306204	0.223910632
5	otsu	11r.bmp	144.483871	102.8387097	40.79534466	1.854333848	174	131	22	5.47056571	0.22197898
5	otsu	12l.bmp	150.3703704	119.3333333	2.692263977	0.096152285	150	122	28	5.496943772	0.222921054
5	otsu	12r.bmp	123.8333333	110.1666667	49.69965348	2.160854499	162	142	23	7.297816975	0.301219889
5	otsu	13l.bmp	152.0862069	168.6724138	1.674634146	0.079744483	152	167	21	7.338186258	0.303142235
5	otsu	13r.bmp	213.7352941	128.6764706	0.999134574	0.041630607	213	128	24	7.28655048	0.300990745
5	otsu	14l.bmp	173.3596491	97.93859649	18.58011941	0.844550882	169	116	22	7.959886634	0.331596934
5	otsu	14r.bmp	146.2166667	103.55	13.5049168	0.643091276	145	117	21	8.379261308	0.351567156
5	otsu	15l.bmp	135.3589744	123.7179487	13.2869014	0.738161189	135	137	18	8.839508303	0.377136434
5	otsu	15r.bmp	174.6206897	103.7931034	4.427242441	0.201238293	176	108	22	8.798733696	0.375283042
5	otsu	1l.bmp	154.1375	117.675	2.979015148	0.135409779	156	120	22	8.901069028	0.379934648
5	otsu	1r.bmp	188.1707317	129.6341463	3.19176886	0.145080403	185	130	22	8.965962943	0.382884372
5	otsu	2l.bmp	148.1185185	106.362963	19.66886645	0.786754658	147	126	25	9.68396269	0.411604362
5	otsu	2r.bmp	156.8275862	95.03448276	14.35978166	0.512849345	163	108	28	9.803717704	0.415881326
5	otsu	3l.bmp	187.85	97.625	3.01050245	0.111500091	186	100	27	9.822911379	0.416592203
5	otsu	3r.bmp	168.0701754	117.0526316	14.25177034	0.548145013	171	131	26	10.27558087	0.434002568
5	otsu	5l.bmp	162.3333333	121.75	1.781463194	0.068517815	162	120	26	10.27061843	0.433811705
5	otsu	6l.bmp	160.7286822	106.6589147	9.311784597	0.372471384	155	114	25	10.5459146	0.444823552
5	otsu	6r.bmp	157.7677419	111.8322581	13.28586991	0.458133445	156	125	29	10.59111115	0.446382054
5	otsu	7l.bmp	169.3902439	89.49593496	10.52174819	0.438406174	170	100	24	10.83870413	0.456698428
5	otsu	7r.bmp	155.4761905	108.1111111	14.44588341	0.515924408	162	121	28	10.6839425	0.451171227
5	otsu	8l.bmp	172.0898876	103.2696629	11.76559019	0.560266199	173	115	21	11.07353008	0.469723016
5	otsu	8r.bmp	154.46	117.35	7.248041115	0.345144815	159	123	21	11.29485742	0.480262413
5	otsu	9l.bmp	157.9615385	200.2307692	46.29230833	1.714529938	139	158	27	12.91491772	0.540264647
5	otsu	9r.bmp	162.7272727	153.1818182	45.23994797	1.675553629	153	109	27	14.46874526	0.597813815
5	peak	10l.bmp	213.3452381	126.4642857	3.481445799	0.12433735	213	123	28	14.36821735	0.594223532
5	peak	10r.bmp	171.1555556	148.6	1.035898846	0.026561509	172	148	39	14.21300366	0.590243694
5	peak	11l.bmp	164.6774194	119.0967742	7.283468087	0.331066731	167	126	22	13.88205057	0.575200372
5	peak	11r.bmp	144.4210526	101.2631579	41.94274557	1.906488435	174	131	22	13.9245469	0.577132024
5	peak	12l.bmp	151.890411	122.5890411	1.980056314	0.070716297	150	122	28	13.89816884	0.57618995
5	peak	12r.bmp	163.1927711	142.9518072	1.525988159	0.066347311	162	142	23	12.11395901	0.49861561
5	peak	13l.bmp	153.890625	167.203125	1.901505366	0.090547875	152	167	21	12.12236165	0.499015735
5	peak	13r.bmp	212.8135593	128.8135593	0.834648966	0.03477704	213	128	24	12.11626959	0.498761899
5	peak	14l.bmp	168.8823529	116.3823529	0.40004325	0.018183784	169	116	22	11.44293344	0.468155711
5	peak	14r.bmp	146.828125	119.171875	2.838852238	0.13518344	145	117	21	11.04789401	0.449344309
5	peak	15l.bmp	134.74	136.18	0.860232527	0.047790696	135	137	18	10.58764701	0.423775032
5	peak	15r.bmp	178.7903226	108.1451613	2.794095901	0.127004359	176	108	22	10.5271601	0.421025627
5	peak	1l.bmp	156.1851852	119.8888889	0.215961181	0.009816417	156	120	22	10.42482477	0.416374021
5	peak	1r.bmp	188.4242424	129.2727273	3.500623059	0.15911923	185	130	22	10.43626382	0.416893977
5	peak	2l.bmp	146.4583333	124.2361111	1.845184758	0.07380739	147	126	25	9.776127458	0.390488523
5	peak	2r.bmp	152.7213115	93.14754098	18.06230818	0.645082435	163	108	28	9.91325807	0.395386045
5	peak	3l.bmp	188.046875	98.578125	2.492273216	0.092306415	186	100	27	9.894064395	0.394675168
5	peak	3r.bmp	170.4615385	130.3846154	0.817703523	0.031450136	171	131	26	9.396506364	0.375538321
5	peak	5l.bmp	163.0625	121.59375	1.915449115	0.07367112	162	120	26	9.401468806	0.375729184
5	peak	6l.bmp	156.7794118	114.6029412	1.878787985	0.075151519	155	114	25	9.126172635	0.364717337
5	peak	6r.bmp	157.3006536	109.1699346	15.88340861	0.547703745	156	125	29	9.222377772	0.368034755
5	peak	7l.bmp	167.7166667	103.0833333	3.836737618	0.159864067	170	100	24	8.974784788	0.357718381
5	peak	7r.bmp	157.3880597	106.5373134	15.18022714	0.542150969	162	121	28	9.001982704	0.358689735
5	peak	8l.bmp	175.5769231	117.9230769	3.896782165	0.185561055	173	115	21	8.71054537	0.344811767
5	peak	8r.bmp	161.1111111	123.2380952	2.124495108	0.101166434	159	123	21	8.520784407	0.335775531
5	peak	9l.bmp	140.7575758	159.8484848	2.550680062	0.094469632	139	158	27	6.9007241	0.275773297
5	peak	9r.bmp	151.9861111	110.1805556	1.556175472	0.057636129	153	109	27	5.2828066	0.215850427
6	otsu	10l.bmp	219.1652174	122.2956522	6.205321212	0.221618615	213	123	28	5.383690875	0.219453437
6	otsu	10r.bmp	173.1964286	153.0833333	5.222233153	0.133903414	172	148	39	5.538740294	0.223429063
6	otsu	11l.bmp	164.8272727	109.8181818	16.32703229	0.742137831	167	126	22	5.873687116	0.238653918
6	otsu	11r.bmp	144.483871	102.8387097	40.79534466	1.854333848	174	131	22	5.831190786	0.236722267
6	otsu	12l.bmp	152.5185185	119.382716	3.632232208	0.129722579	150	122	28	5.892382486	0.238907685
6	otsu	12r.bmp	124.2307692	109.8461538	49.60226422	2.156620183	162	142	23	7.672985303	0.316325198
6	otsu	13l.bmp	149.5892857	165.9107143	2.645389713	0.125970939	152	167	21	7.700536575	0.317637164
6	otsu	13r.bmp	211.6	127.6	1.456021978	0.060667582	213	128	24	7.72355039	0.318596073
6	otsu	14l.bmp	173.7169811	98.68867925	17.94245628	0.815566194	169	116	22	8.373269391	0.348128755
6	otsu	14r.bmp	144.5877863	98.9389313	18.06577214	0.860274864	145	117	21	8.937229387	0.374983993
6	otsu	15l.bmp	136.0972222	127.5972222	9.466579453	0.525921081	135	137	18	9.255982977	0.392692525
6	otsu	15r.bmp	173.3894737	100.5684211	7.876751443	0.358034156	176	108	22	9.444229479	0.401249184
6	otsu	1l.bmp	153.3670886	116.3291139	4.517480158	0.205340007	156	120	22	9.603544996	0.408490799
6	otsu	1r.bmp	185.7560976	127.195122	2.904999895	0.13204545	185	130	22	9.581484879	0.407488066
6	otsu	2l.bmp	149.0725806	108.3548387	17.76646581	0.710658633	147	126	25	10.17116196	0.431075149
6	otsu	2r.bmp	156.975	94.89166667	14.42667764	0.515238487	163	108	28	10.03650897	0.426266114
6	otsu	3l.bmp	188	94.59139785	5.766539449	0.213575535	186	100	27	10.15777809	0.430757563
6	otsu	3r.bmp	169.8173077	122.375	8.705709971	0.334834999	171	131	26	10.44992648	0.44199404
6	otsu	5l.bmp	164.4225352	122.028169	3.159453497	0.121517442	162	120	26	10.49600072	0.443766126
6	otsu	6l.bmp	161.4324324	105.0540541	11.01844526	0.44073781	155	114	25	10.83450654	0.457306359
6	otsu	6r.bmp	157.9759036	111.6626506	13.48291823	0.464928215	156	125	29	10.74559949	0.454240598
6	otsu	7l.bmp	170.0656934	89.06569343	10.93450391	0.45560433	170	100	24	11.00847972	0.465193941
6	otsu	7r.bmp	154.3265306	104.6054422	18.10148222	0.646481508	162	121	28	11.11667436	0.469058035
6	otsu	8l.bmp	169.7608696	99.51086957	15.82419437	0.753533065	173	115	21	11.55843036	0.490094036
6	otsu	8r.bmp	151.5943396	114.3207547	11.40934285	0.543302041	159	123	21	11.90231361	0.506469428
6	otsu	9l.bmp	157.8846154	200.2692308	46.29596708	1.714665447	139	158	27	13.52250943	0.566476681
6	otsu	9r.bmp	162.7272727	153.1818182	45.23994797	1.675553629	153	109	27	15.14042693	0.626399551
6	peak	10l.bmp	213.3452381	126.4642857	3.481445799	0.12433735	213	123	28	15.03954265	0.622796541
6	peak	10r.bmp	171.1555556	148.6	1.035898846	0.026561509	172	148	39	14.88449324	0.618820915
6	peak	11l.bmp	164.6774194	119.0967742	7.283468087	0.331066731	167	126	22	14.54954641	0.60359606
6	peak	11r.bmp	144.4210526	101.2631579	41.94274557	1.906488435	174	131	22	14.59204274	0.605527711
6	peak	12l.bmp	154.2191781	122.6438356	4.268019211	0.152429258	150	122	28	14.61559041	0.606368699
6	peak	12r.bmp	164.8414634	142.9512195	2.996453387	0.130280582	162	142	23	12.88944927	0.531319084
6	peak	13l.bmp	151.6935484	164.7903226	2.230826503	0.106229833	152	167	21	12.87409507	0.530587932
6	peak	13r.bmp	210.7903226	127.0806452	2.39330057	0.099720857	213	128	24	12.9088091	0.53203435
6	peak	14l.bmp	168.8823529	116.3823529	0.40004325	0.018183784	169	116	22	12.2590901	0.502501668
6	peak	14r.bmp	143.921875	116.390625	1.238422951	0.058972521	145	117	21	11.63585494	0.472823804
6	peak	15l.bmp	135.4081633	138.6326531	1.682900255	0.093494459	135	137	18	11.34757053	0.456808003
6	peak	15r.bmp	175.0877193	106.6315789	1.644637424	0.074756247	176	108	22	11.11675149	0.446316228
6	peak	1l.bmp	156.1851852	119.8888889	0.215961181	0.009816417	156	120	22	10.95743597	0.439074614
6	peak	1r.bmp	185.6363636	126.4242424	3.631941756	0.165088262	185	130	22	10.98435974	0.440298422
6	peak	2l.bmp	149.3088235	125.75	2.322319118	0.092892765	147	126	25	10.41235431	0.417418204
6	peak	2r.bmp	153.671875	92.78125	17.85004951	0.637501768	163	108	28	10.53914586	0.421946474
6	peak	3l.bmp	189.7014925	99.41791045	3.746982152	0.138777117	186	100	27	10.46434744	0.419176162
6	peak	3r.bmp	171.7837838	133.2702703	2.401758547	0.092375329	171	131	26	10.23086776	0.410196174
6	peak	5l.bmp	165.625	121.65625	3.98544716	0.153286429	162	120	26	10.26146012	0.411372804
6	peak	6l.bmp	158.0714286	113.9857143	3.071461793	0.122858472	155	114	25	9.967127397	0.399599495
6	peak	6r.bmp	193.7179487	98.23076923	46.25186884	1.594892029	156	125	29	11.18079223	0.441450006
6	peak	7l.bmp	171.0625	101.9375	2.209708691	0.092071195	170	100	24	10.85765167	0.427985816
6	peak	7r.bmp	156.8674033	99.68508287	21.92417024	0.78300608	162	121	28	10.99923271	0.433042282
6	peak	8l.bmp	172.7017544	116.2105263	1.246725474	0.05936788	173	115	21	10.45932645	0.40733246
6	peak	8r.bmp	159.2769231	122.1692308	0.87570766	0.041700365	159	123	21	10.06919182	0.38875462
6	peak	9l.bmp	142.6176471	159.4705882	3.905124838	0.144634253	139	158	27	8.499160622	0.330605317
6	peak	9r.bmp	152.0410959	110.369863	1.672130907	0.061930774	153	109	27	6.885537768	0.270841507
7	otsu	10l.bmp	220.1317829	123.8062016	7.177206206	0.256328793	213	123	28	7.022417783	0.275730079
7	otsu	10r.bmp	172.2045455	154.3465909	6.34988622	0.162817595	172	148	39	7.21923213	0.280776601
7	otsu	11l.bmp	165.7938144	114.0103093	12.05021026	0.54773683	167	126	22	7.395778136	0.28880142
7	otsu	11r.bmp	143.2962963	105.1481481	40.13770877	1.824441308	174	131	22	7.328924922	0.285762637
7	otsu	12l.bmp	149.7804878	116.9268293	5.077917573	0.181354199	150	122	28	7.358921157	0.286833931
7	otsu	12r.bmp	123	111	49.81967483	2.166072819	162	142	23	9.093114544	0.362233644
7	otsu	13l.bmp	150.125	169.125	2.833946012	0.13494981	152	167	21	9.115452303	0.363297347
7	otsu	13r.bmp	212.0857143	130.2	2.382418596	0.099267442	213	128	24	9.115049267	0.363280553
7	otsu	14l.bmp	173.9607843	101.7647059	15.07491226	0.685223285	169	116	22	9.658562934	0.38798572
7	otsu	14r.bmp	145.6126126	103.4684685	13.54539183	0.645018659	145	117	21	10.1143766	0.409691133
7	otsu	15l.bmp	135.5443038	123.5949367	13.41610929	0.745339405	135	137	18	10.54893989	0.433833538
7	otsu	15r.bmp	173.1208791	100.978022	7.589302496	0.344968295	176	108	22	10.76911267	0.443841392
7	otsu	1l.bmp	154.9428571	119.9428571	1.058686132	0.048122097	156	120	22	10.80032471	0.44526012
7	otsu	1r.bmp	186.5555556	129.4320988	1.655978533	0.075271751	185	130	22	10.72714089	0.441933583
7	otsu	2l.bmp	148.5564516	107.7258065	18.34035691	0.733614276	147	126	25	11.32040155	0.465664009
7	otsu	2r.bmp	160.9590164	96.77868852	11.40541298	0.407336178	163	108	28	11.0817113	0.457139358
7	otsu	3l.bmp	185.4	90.64761905	9.371607625	0.347096579	186	100	27	11.29003077	0.464854894
7	otsu	3r.bmp	169.4862385	119.7614679	11.34002107	0.436154656	171	131	26	11.62107753	0.477587461
7	otsu	5l.bmp	161.4366197	118.9577465	1.184774132	0.045568236	162	120	26	11.51734889	0.473597899
7	otsu	6l.bmp	159.6081871	101.3508772	13.46238079	0.538495231	155	114	25	11.90219775	0.488991853
7	otsu	6r.bmp	160.0662252	113.1523179	12.52604322	0.431932525	156	125	29	10.65309309	0.445919278
7	otsu	7l.bmp	171.0129032	85.01290323	15.02128632	0.62588693	170	100	24	11.12759597	0.465690232
7	otsu	7r.bmp	154.0413793	104.4758621	18.34084997	0.655030356	162	121	28	10.9948804	0.46095039
7	otsu	8l.bmp	170.7380952	104.3571429	10.88056163	0.518121982	173	115	21	11.35168915	0.477941283
7	otsu	8r.bmp	153.0707071	117.5353535	8.06342828	0.383972775	159	123	21	11.61790102	0.490618039
7	otsu	9l.bmp	157.3333333	200.0666667	45.8880764	1.699558385	139	158	27	13.17282516	0.548207821
7	otsu	9r.bmp	115.3269231	133.8846154	45.14980407	1.672214966	153	109	27	14.78310935	0.607847976
7	peak	10l.bmp	215.5595238	126.4880952	4.326426993	0.15451525	213	123	28	14.67752493	0.604077104
7	peak	10r.bmp	171.1555556	148.6	1.035898846	0.026561509	172	148	39	14.48071059	0.599030583
7	peak	11l.bmp	164.953125	121.765625	4.703150955	0.213779589	167	126	22	14.20859728	0.586661796
7	peak	11r.bmp	144.8	101.2	41.72145731	1.896429878	174	131	22	14.26725463	0.589328039
7	peak	12l.bmp	151.3243243	120.0810811	2.331541278	0.083269331	150	122	28	14.16553699	0.585695266
7	peak	12r.bmp	162.6071429	140.75	1.389648318	0.060419492	162	142	23	12.3718323	0.507708106
7	peak	13l.bmp	152.2741935	167.5322581	0.598732619	0.028511077	152	167	21	12.28904662	0.503765931
7	peak	13r.bmp	211.5873016	128.8412698	1.644217672	0.06850907	213	128	24	12.26170585	0.502626732
7	peak	14l.bmp	169.4375	117.9375	1.986281073	0.090285503	169	116	22	11.77694173	0.480591999
7	peak	14r.bmp	144.515625	119.140625	2.194742475	0.104511546	145	117	21	11.35654731	0.460573217
7	peak	15l.bmp	134.74	136.18	0.860232527	0.047790696	135	137	18	10.89151484	0.43473808
7	peak	15r.bmp	175.8474576	109.0338983	1.045090848	0.047504129	176	108	22	10.64913663	0.423720889
7	peak	1l.bmp	156.6226415	122.8867925	2.953176784	0.134235308	156	120	22	10.71930295	0.426910267
7	peak	1r.bmp	186.2121212	129.2727273	1.413564095	0.064252913	185	130	22	10.71032464	0.426502162
7	peak	2l.bmp	147.2297297	126.3108108	0.386495937	0.015459837	147	126	25	10.04536682	0.399903849
7	peak	2r.bmp	158.6694915	96.44915254	12.33593858	0.440569235	163	108	28	10.07983073	0.401134703
7	peak	3l.bmp	186.7761194	96.46268657	3.621456565	0.134128021	186	100	27	9.866862176	0.393246979
7	peak	3r.bmp	171.1025641	133.025641	2.028235924	0.078009074	171	131	26	9.521981244	0.379982328
7	peak	5l.bmp	162.1612903	119.1290323	0.885776143	0.034068313	162	120	26	9.510907245	0.379556405
7	peak	6l.bmp	155.4492754	111.1884058	2.847263654	0.113890546	155	114	25	9.117754758	0.363830305
7	peak	6r.bmp	196.5277778	100.3333333	47.44412731	1.63600439	156	125	29	10.41101713	0.408425559
7	peak	7l.bmp	166.8793103	100.7413793	3.207545355	0.133647723	170	100	24	9.973471171	0.390194478
7	peak	7r.bmp	134.0566038	86.90566038	44.08239316	1.574371184	162	121	28	10.92686166	0.424244138
7	peak	8l.bmp	173.5636364	119.2	4.237650994	0.201792904	173	115	21	10.68082793	0.412528246
7	peak	8r.bmp	159.3846154	125.0153846	2.051756355	0.097702684	159	123	21	10.45817342	0.40192565
7	peak	9l.bmp	140.1515152	156.9393939	1.565526225	0.057982453	139	158	27	8.816597484	0.341126542
7	peak	9r.bmp	155.3939394	111.1515152	3.218689682	0.119210729	153	109	27	7.263593247	0.283607866
8	otsu	10l.bmp	216.3120567	120.9078014	3.91752661	0.139911665	213	123	28	7.248448789	0.283066993
8	otsu	10r.bmp	174.3825503	156.2483221	8.58553227	0.220141853	172	148	39	7.528064841	0.290236635
8	otsu	11l.bmp	165.1140351	109.4912281	16.6161492	0.755279509	167	126	22	7.969286999	0.310292188
8	otsu	11r.bmp	144.483871	102.8387097	40.79534466	1.854333848	174	131	22	7.93498653	0.308733075
8	otsu	12l.bmp	149.952381	119.1428571	2.857539655	0.102054988	150	122	28	7.954467951	0.30942884
8	otsu	12r.bmp	123.8333333	110.1666667	49.69965348	2.160854499	162	142	23	9.743727402	0.38722273
8	otsu	13l.bmp	149.5892857	165.9107143	2.645389713	0.125970939	152	167	21	9.819529516	0.390832354
8	otsu	13r.bmp	211.6	127.6	1.456021978	0.060667582	213	128	24	9.812559305	0.390541929
8	otsu	14l.bmp	173.5213675	97.65811966	18.89093271	0.85867876	169	116	22	10.43865751	0.419000938
8	otsu	14r.bmp	144.4485294	98.33088235	18.67726087	0.889393375	145	117	21	11.04912116	0.448070635
8	otsu	15l.bmp	138.0694444	126.3472222	11.08616992	0.615898329	135	137	18	11.42785958	0.469111659
8	otsu	15r.bmp	173.47	101.25	7.208564351	0.327662016	176	108	22	11.65613638	0.479487877
8	otsu	1l.bmp	153.8658537	117.1707317	3.543915868	0.161087085	156	120	22	11.6780156	0.480482387
8	otsu	1r.bmp	185.7560976	127.195122	2.904999895	0.13204545	185	130	22	11.73325397	0.482993222
8	otsu	2l.bmp	148.5564516	107.7258065	18.34035691	0.733614276	147	126	25	12.39821178	0.509591534
8	otsu	2r.bmp	155.5785124	94.58677686	15.32948249	0.547481517	163	108	28	12.50908378	0.513551249
8	otsu	3l.bmp	187.5595238	96.25	4.061356241	0.150420602	186	100	27	12.52537636	0.514154677
8	otsu	3r.bmp	169.4862385	119.7614679	11.34002107	0.436154656	171	131	26	12.87025729	0.527419329
8	otsu	5l.bmp	162.25	121.75	1.767766953	0.067991037	162	120	26	12.90292361	0.528675726
8	otsu	6l.bmp	158.5419355	104.0322581	10.5783357	0.423133428	155	114	25	13.18925962	0.540129166
8	otsu	6r.bmp	158.3012048	111.6807229	13.5166078	0.466089924	156	125	29	11.93268482	0.496799001
8	otsu	7l.bmp	170.2230216	88.23021583	11.77189696	0.490495707	170	100	24	12.24988303	0.510015593
8	otsu	7r.bmp	154.7348485	107.6287879	15.2174814	0.543481479	162	121	28	11.18081222	0.471834492
8	otsu	8l.bmp	170.0531915	99	16.26910202	0.774719144	173	115	21	11.62642152	0.493053983
8	otsu	8r.bmp	151.2777778	114.1574074	11.73985348	0.559040642	159	123	21	11.98523993	0.510140574
8	otsu	9l.bmp	157.4137931	200.7586207	46.5549935	1.724259019	139	158	27	13.6515165	0.571854521
8	otsu	9r.bmp	162.7272727	153.1818182	45.23994797	1.675553629	153	109	27	15.20785939	0.62949685
8	peak	10l.bmp	212.8214286	123.6309524	0.655735207	0.023419115	213	123	28	15.08705231	0.625182311
8	peak	10r.bmp	174.1555556	151.6222222	4.215081681	0.108079017	172	148	39	14.92518377	0.621031836
8	peak	11l.bmp	164.6774194	119.0967742	7.283468087	0.331066731	167	126	22	14.57952891	0.605320252
8	peak	11r.bmp	144.4210526	101.2631579	41.94274557	1.906488435	174	131	22	14.62202524	0.607251903
8	peak	12l.bmp	151.8378378	122.9189189	2.054765169	0.07338447	150	122	28	14.59229285	0.606190032
8	peak	12r.bmp	163.1071429	143.2738095	1.687707323	0.073378579	162	142	23	12.81407262	0.528876109
8	peak	13l.bmp	151.6935484	164.7903226	2.230826503	0.106229833	152	167	21	12.79871843	0.528144957
8	peak	13r.bmp	210.7903226	127.0806452	2.39330057	0.099720857	213	128	24	12.83343245	0.529591374
8	peak	14l.bmp	168.8823529	116.3823529	0.40004325	0.018183784	169	116	22	12.14858469	0.498461931
8	peak	14r.bmp	143.921875	116.390625	1.238422951	0.058972521	145	117	21	11.50270181	0.467705603
8	peak	15l.bmp	136.22	137.78	1.448033149	0.080446286	135	137	18	11.14573378	0.447874046
8	peak	15r.bmp	175.9836066	105.557377	2.442677962	0.111030816	176	108	22	10.96921947	0.439850668
8	peak	1l.bmp	156.1851852	119.8888889	0.215961181	0.009816417	156	120	22	10.84596189	0.434248051
8	peak	1r.bmp	185.6363636	126.4242424	3.631941756	0.165088262	185	130	22	10.87288566	0.435471859
8	peak	2l.bmp	147.2297297	126.3108108	0.386495937	0.015459837	147	126	25	10.20792785	0.408873546
8	peak	2r.bmp	153.7829457	92.13178295	18.35086924	0.655388187	163	108	28	10.31983106	0.412870089
8	peak	3l.bmp	187.7121212	97.92424242	2.690748698	0.099657359	186	100	27	10.26906782	0.410989969
8	peak	3r.bmp	171.1025641	133.025641	2.028235924	0.078009074	171	131	26	9.924186887	0.397725318
8	peak	5l.bmp	163.03125	121.59375	1.898292819	0.073011262	162	120	26	9.929021178	0.397911252
8	peak	6l.bmp	156.7794118	114.6029412	1.878787985	0.075151519	155	114	25	9.606815707	0.385023034
8	peak	6r.bmp	193.7837838	98.05405405	46.40795535	1.600274322	156	125	29	10.82501376	0.427029863
8	peak	7l.bmp	167.75	103.0833333	3.816994163	0.159041423	170	100	24	10.53038773	0.414753779
8	peak	7r.bmp	132.6666667	87.88095238	44.24156145	1.580055766	162	121	28	11.60535366	0.453145419
8	peak	8l.bmp	172.7017544	116.2105263	1.246725474	0.05936788	173	115	21	11.04896935	0.426650928
8	peak	8r.bmp	159.4090909	121.8333333	1.236311645	0.058871983	159	123	21	10.65994928	0.408126162
8	peak	9l.bmp	140.7272727	159.8484848	2.529894722	0.093699805	139	158	27	9.029390064	0.34773508
8	peak	9r.bmp	151.9861111	110.0972222	1.493943534	0.055331242	153	109	27	7.409167678	0.287726844
9	otsu	10l.bmp	218.632	125.064	5.998293091	0.214224753	213	123	28	7.607040192	0.294793719
9	otsu	10r.bmp	173.3918129	153.9181287	6.079587965	0.155886871	172	148	39	7.67609598	0.296564381
9	otsu	11l.bmp	165.1140351	109.4912281	16.6161492	0.755279509	167	126	22	8.021750836	0.312275965
9	otsu	11r.bmp	144.483871	102.8387097	40.79534466	1.854333848	174	131	22	7.979254506	0.310344314
9	otsu	12l.bmp	149.7804878	116.9268293	5.077917573	0.181354199	150	122	28	8.091223114	0.314343193
9	otsu	12r.bmp	123	111	49.81967483	2.166072819	162	142	23	9.873888577	0.391850387
9	otsu	13l.bmp	151.3035714	167.7321429	1.010468168	0.048117532	152	167	21	9.82869012	0.389698079
9	otsu	13r.bmp	213.1428571	129.1428571	1.151751107	0.047989629	213	128	24	9.782706807	0.387782108
9	otsu	14l.bmp	173.5213675	97.65811966	18.89093271	0.85867876	169	116	22	10.46755456	0.418911551
9	otsu	14r.bmp	145.9672131	100.9098361	16.11920831	0.767581348	145	117	21	11.01869476	0.445156323
9	otsu	15l.bmp	138.0694444	126.3472222	11.08616992	0.615898329	135	137	18	11.37566279	0.46498788
9	otsu	15r.bmp	173.2197802	101.3296703	7.226542737	0.328479215	176	108	22	11.55284297	0.473041524
9	otsu	1l.bmp	153.8658537	117.1707317	3.543915868	0.161087085	156	120	22	11.67610055	0.478644141
9	otsu	1r.bmp	187.2926829	128.7317073	2.620107123	0.119095778	185	130	22	11.63862519	0.476940716
9	otsu	2l.bmp	147.8421053	106.5488722	19.46934808	0.778773923	147	126	25	12.34539749	0.505211608
9	otsu	2r.bmp	157.7272727	96.85123967	12.33274137	0.440455049	163	108	28	12.12250387	0.497251122
9	otsu	3l.bmp	185.4	90.64761905	9.371607625	0.347096579	186	100	27	12.36994309	0.506415537
9	otsu	3r.bmp	168.3650794	115.452381	15.76931402	0.606512078	171	131	26	12.87887191	0.525989723
9	otsu	5l.bmp	161.4366197	118.9577465	1.184774132	0.045568236	162	120	26	12.85244529	0.524973314
9	otsu	6l.bmp	159.3089888	100.747191	13.93572138	0.557428855	155	114	25	13.29899838	0.542835438
9	otsu	6r.bmp	157.6470588	113.4117647	11.70469991	0.403610342	156	125	29	12.01369262	0.498514549
9	otsu	7l.bmp	171.2101911	84.96815287	15.08048377	0.62835349	170	100	24	12.4308589	0.515896478
9	otsu	7r.bmp	154.7348485	107.6287879	15.2174814	0.543481479	162	121	28	11.35589298	0.477504838
9	otsu	8l.bmp	171.2674419	102.3953488	12.7231674	0.605865114	173	115	21	11.78094638	0.497745476
9	otsu	8r.bmp	154.0515464	116.9381443	7.825170112	0.372627148	159	123	21	12.02497818	0.509366038
9	otsu	9l.bmp	157.3333333	200.0666667	45.8880764	1.699558385	139	158	27	13.63083676	0.568842281
9	otsu	9r.bmp	115.8888889	135.5925926	45.65523572	1.690934656	153	109	27	15.26644017	0.629420186
9	peak	10l.bmp	213.6860465	125.7790698	2.862496915	0.102232033	213	123	28	15.15029957	0.625272307
9	peak	10r.bmp	171.1555556	148.6	1.035898846	0.026561509	172	148	39	14.96349627	0.620482479
9	peak	11l.bmp	164.6774194	119.0967742	7.283468087	0.331066731	167	126	22	14.61784141	0.604770894
9	peak	11r.bmp	144.4210526	101.2631579	41.94274557	1.906488435	174	131	22	14.66033774	0.606702546
9	peak	12l.bmp	151.3243243	120.0810811	2.331541278	0.083269331	150	122	28	14.5586201	0.603069773
9	peak	12r.bmp	162.6071429	140.75	1.389648318	0.060419492	162	142	23	12.76491542	0.525082613
9	peak	13l.bmp	153.3709677	166.4354839	1.482643251	0.07060206	152	167	21	12.78240338	0.525915373
9	peak	13r.bmp	212.3064516	128.6935484	0.980825535	0.040867731	213	128	24	12.77607281	0.525651599
9	peak	14l.bmp	168.8823529	116.3823529	0.40004325	0.018183784	169	116	22	12.09122505	0.494522155
9	peak	14r.bmp	145.546875	118.046875	1.181109449	0.056243307	145	117	21	11.53796213	0.468176302
9	peak	15l.bmp	136.22	137.78	1.448033149	0.080446286	135	137	18	11.1809941	0.448344745
9	peak	15r.bmp	177.2833333	107.6833333	1.321825337	0.06008297	176	108	22	10.96230086	0.438404143
9	peak	1l.bmp	156.1851852	119.8888889	0.215961181	0.009816417	156	120	22	10.83904328	0.432801526
9	peak	1r.bmp	187.2424242	128.1515152	2.906090624	0.132095028	185	130	22	10.84963526	0.43328298
9	peak	2l.bmp	146.4583333	124.2361111	1.845184758	0.07380739	147	126	25	10.19688847	0.407173108
9	peak	2r.bmp	157.1885246	95.64754098	13.65124501	0.487544464	163	108	28	10.24572194	0.40891716
9	peak	3l.bmp	186.7761194	96.46268657	3.621456565	0.134128021	186	100	27	10.03275338	0.401029436
9	peak	3r.bmp	170.4615385	130.3846154	0.817703523	0.031450136	171	131	26	9.478990032	0.379730846
9	peak	5l.bmp	162.1612903	119.1290323	0.885776143	0.034068313	162	120	26	9.467916032	0.379304923
9	peak	6l.bmp	155.4492754	111.1884058	2.847263654	0.113890546	155	114	25	9.057232413	0.362877578
9	peak	6r.bmp	196.2424242	99.90909091	47.42369058	1.635299675	156	125	29	10.38015799	0.408495701
9	peak	7l.bmp	167.9032258	99.61290323	2.132206822	0.088841951	170	100	24	9.90059218	0.388513792
9	peak	7r.bmp	132.6666667	87.88095238	44.24156145	1.580055766	162	121	28	10.97555811	0.426905433
9	peak	8l.bmp	173.8474576	117.220339	2.376570981	0.113170047	173	115	21	10.59235083	0.408657467
9	peak	8r.bmp	160.4264706	122.7794118	1.443425616	0.068734553	159	123	21	10.35598993	0.397402186
9	peak	9l.bmp	140.1515152	156.9393939	1.565526225	0.057982453	139	158	27	8.714413994	0.336603077
9	peak	9r.bmp	152.3037975	113.2278481	4.284786754	0.158695806	153	109	27	7.182175143	0.27985349
